0000000000000000000000000000000000000000000000000000000000000000;0000000
1111111111111111111111111111111111111111111111111111111111111111;1000000
0101010101010101010101010101010101010101010101010101010101010101;0000001
1010101010101010101010101010101010101010101010101010101010101010;1000001
0011001100110011001100110011001100110011001100110011001100110011;0000010
1100110011001100110011001100110011001100110011001100110011001100;1000010
0110011001100110011001100110011001100110011001100110011001100110;0000011
1001100110011001100110011001100110011001100110011001100110011001;1000011
0000111100001111000011110000111100001111000011110000111100001111;0000100
1111000011110000111100001111000011110000111100001111000011110000;1000100
0101101001011010010110100101101001011010010110100101101001011010;0000101
1010010110100101101001011010010110100101101001011010010110100101;1000101
0011110000111100001111000011110000111100001111000011110000111100;0000110
1100001111000011110000111100001111000011110000111100001111000011;1000110
0110100101101001011010010110100101101001011010010110100101101001;0000111
1001011010010110100101101001011010010110100101101001011010010110;1000111
0000000011111111000000001111111100000000111111110000000011111111;0001000
1111111100000000111111110000000011111111000000001111111100000000;1001000
0101010110101010010101011010101001010101101010100101010110101010;0001001
1010101001010101101010100101010110101010010101011010101001010101;1001001
0011001111001100001100111100110000110011110011000011001111001100;0001010
1100110000110011110011000011001111001100001100111100110000110011;1001010
0110011010011001011001101001100101100110100110010110011010011001;0001011
1001100101100110100110010110011010011001011001101001100101100110;1001011
0000111111110000000011111111000000001111111100000000111111110000;0001100
1111000000001111111100000000111111110000000011111111000000001111;1001100
0101101010100101010110101010010101011010101001010101101010100101;0001101
1010010101011010101001010101101010100101010110101010010101011010;1001101
0011110011000011001111001100001100111100110000110011110011000011;0001110
1100001100111100110000110011110011000011001111001100001100111100;1001110
0110100110010110011010011001011001101001100101100110100110010110;0001111
1001011001101001100101100110100110010110011010011001011001101001;1001111
0000000000000000111111111111111100000000000000001111111111111111;0010000
1111111111111111000000000000000011111111111111110000000000000000;1010000
0101010101010101101010101010101001010101010101011010101010101010;0010001
1010101010101010010101010101010110101010101010100101010101010101;1010001
0011001100110011110011001100110000110011001100111100110011001100;0010010
1100110011001100001100110011001111001100110011000011001100110011;1010010
0110011001100110100110011001100101100110011001101001100110011001;0010011
1001100110011001011001100110011010011001100110010110011001100110;1010011
0000111100001111111100001111000000001111000011111111000011110000;0010100
1111000011110000000011110000111111110000111100000000111100001111;1010100
0101101001011010101001011010010101011010010110101010010110100101;0010101
1010010110100101010110100101101010100101101001010101101001011010;1010101
0011110000111100110000111100001100111100001111001100001111000011;0010110
1100001111000011001111000011110011000011110000110011110000111100;1010110
0110100101101001100101101001011001101001011010011001011010010110;0010111
1001011010010110011010010110100110010110100101100110100101101001;1010111
0000000011111111111111110000000000000000111111111111111100000000;0011000
1111111100000000000000001111111111111111000000000000000011111111;1011000
0101010110101010101010100101010101010101101010101010101001010101;0011001
1010101001010101010101011010101010101010010101010101010110101010;1011001
0011001111001100110011000011001100110011110011001100110000110011;0011010
1100110000110011001100111100110011001100001100110011001111001100;1011010
0110011010011001100110010110011001100110100110011001100101100110;0011011
1001100101100110011001101001100110011001011001100110011010011001;1011011
0000111111110000111100000000111100001111111100001111000000001111;0011100
1111000000001111000011111111000011110000000011110000111111110000;1011100
0101101010100101101001010101101001011010101001011010010101011010;0011101
1010010101011010010110101010010110100101010110100101101010100101;1011101
0011110011000011110000110011110000111100110000111100001100111100;0011110
1100001100111100001111001100001111000011001111000011110011000011;1011110
0110100110010110100101100110100101101001100101101001011001101001;0011111
1001011001101001011010011001011010010110011010010110100110010110;1011111
0000000000000000000000000000000011111111111111111111111111111111;0100000
1111111111111111111111111111111100000000000000000000000000000000;1100000
0101010101010101010101010101010110101010101010101010101010101010;0100001
1010101010101010101010101010101001010101010101010101010101010101;1100001
0011001100110011001100110011001111001100110011001100110011001100;0100010
1100110011001100110011001100110000110011001100110011001100110011;1100010
0110011001100110011001100110011010011001100110011001100110011001;0100011
1001100110011001100110011001100101100110011001100110011001100110;1100011
0000111100001111000011110000111111110000111100001111000011110000;0100100
1111000011110000111100001111000000001111000011110000111100001111;1100100
0101101001011010010110100101101010100101101001011010010110100101;0100101
1010010110100101101001011010010101011010010110100101101001011010;1100101
0011110000111100001111000011110011000011110000111100001111000011;0100110
1100001111000011110000111100001100111100001111000011110000111100;1100110
0110100101101001011010010110100110010110100101101001011010010110;0100111
1001011010010110100101101001011001101001011010010110100101101001;1100111
0000000011111111000000001111111111111111000000001111111100000000;0101000
1111111100000000111111110000000000000000111111110000000011111111;1101000
0101010110101010010101011010101010101010010101011010101001010101;0101001
1010101001010101101010100101010101010101101010100101010110101010;1101001
0011001111001100001100111100110011001100001100111100110000110011;0101010
1100110000110011110011000011001100110011110011000011001111001100;1101010
0110011010011001011001101001100110011001011001101001100101100110;0101011
1001100101100110100110010110011001100110100110010110011010011001;1101011
0000111111110000000011111111000011110000000011111111000000001111;0101100
1111000000001111111100000000111100001111111100000000111111110000;1101100
0101101010100101010110101010010110100101010110101010010101011010;0101101
1010010101011010101001010101101001011010101001010101101010100101;1101101
0011110011000011001111001100001111000011001111001100001100111100;0101110
1100001100111100110000110011110000111100110000110011110011000011;1101110
0110100110010110011010011001011010010110011010011001011001101001;0101111
1001011001101001100101100110100101101001100101100110100110010110;1101111
0000000000000000111111111111111111111111111111110000000000000000;0110000
1111111111111111000000000000000000000000000000001111111111111111;1110000
0101010101010101101010101010101010101010101010100101010101010101;0110001
1010101010101010010101010101010101010101010101011010101010101010;1110001
0011001100110011110011001100110011001100110011000011001100110011;0110010
1100110011001100001100110011001100110011001100111100110011001100;1110010
0110011001100110100110011001100110011001100110010110011001100110;0110011
1001100110011001011001100110011001100110011001101001100110011001;1110011
0000111100001111111100001111000011110000111100000000111100001111;0110100
1111000011110000000011110000111100001111000011111111000011110000;1110100
0101101001011010101001011010010110100101101001010101101001011010;0110101
1010010110100101010110100101101001011010010110101010010110100101;1110101
0011110000111100110000111100001111000011110000110011110000111100;0110110
1100001111000011001111000011110000111100001111001100001111000011;1110110
0110100101101001100101101001011010010110100101100110100101101001;0110111
1001011010010110011010010110100101101001011010011001011010010110;1110111
0000000011111111111111110000000011111111000000000000000011111111;0111000
1111111100000000000000001111111100000000111111111111111100000000;1111000
0101010110101010101010100101010110101010010101010101010110101010;0111001
1010101001010101010101011010101001010101101010101010101001010101;1111001
0011001111001100110011000011001111001100001100110011001111001100;0111010
1100110000110011001100111100110000110011110011001100110000110011;1111010
0110011010011001100110010110011010011001011001100110011010011001;0111011
1001100101100110011001101001100101100110100110011001100101100110;1111011
0000111111110000111100000000111111110000000011110000111111110000;0111100
1111000000001111000011111111000000001111111100001111000000001111;1111100
0101101010100101101001010101101010100101010110100101101010100101;0111101
1010010101011010010110101010010101011010101001011010010101011010;1111101
0011110011000011110000110011110011000011001111000011110011000011;0111110
1100001100111100001111001100001100111100110000111100001100111100;1111110
0110100110010110100101100110100110010110011010010110100110010110;0111111
1001011001101001011010011001011001101001100101101001011001101001;1111111
