[0, 0, 0, 0, 0, 0, 1, 0, 1, 1, 0, 1, 1]
[0, 0, 0, 1, 1, 1, 1, 1, 1, 0, 0, 1, 0]
[0, 1, 0, 0, 0, 1, 0, 0, 0, 1, 0, 1, 0]
[0, 0, 1, 1, 1, 1, 1, 0, 0, 1, 1, 1, 1]
[0, 0, 1, 1, 0, 0, 1, 0, 1, 1, 0, 1, 0]
[0, 0, 0, 1, 1, 1, 1, 0, 0, 1, 0, 1, 0]
[0, 1, 0, 1, 0, 1, 0, 0, 1, 1, 1, 1, 1]
[1, 1, 1, 1, 1, 1, 0, 1, 0, 0, 0, 1, 0]
None
None
[0, 0, 1, 0, 0, 1, 1, 1, 1, 1, 0, 0, 0]
[0, 0, 1, 1, 1, 0, 1, 1, 1, 0, 1, 0, 1]
[1, 1, 0, 1, 1, 0, 0, 1, 0, 0, 1, 0, 0]
[1, 1, 1, 1, 1, 0, 0, 1, 1, 0, 1, 1, 1]
[0, 1, 1, 0, 1, 0, 1, 0, 0, 0, 1, 1, 0]
[0, 0, 1, 0, 1, 1, 1, 0, 0, 1, 1, 1, 0]
[0, 1, 1, 1, 1, 0, 1, 1, 1, 1, 1, 1, 0]
[0, 1, 0, 0, 0, 1, 0, 1, 0, 1, 0, 0, 1]
None
[1, 1, 1, 0, 1, 1, 0, 1, 1, 0, 1, 0, 1]